S3d: 313,757;545,786;560,627;358,627
S1c: 545,785;666,799;669,688;556,686
S1b: 555,688;666,686;669,640;741,566;666,493;563,565
S3c: 358,628;559,629;562,566;390,567;392,582;384,602
S3b: 389,566;562,567;594,546;483,486;389,486
S3a: 593,545;727,446;693,418;545,418;481,486
S2a: 389,486;481,485;543,419;476,320;416,321
S2b: 543,419;687,417;687,315;475,319
S2c: 727,447;789,315;689,315;687,416;694,418
S1a: 741,566;946,340;923,312;789,315;728,447;665,493
S1c: 666,800;749,973;784,947;751,799;821,687;670,689
S1a: 670,685;902,684;873,419;670,640
S1b: 900,683;973,683;948,342;873,422
S2a: 785,945;868,812;900,682;817,685;750,802
S1d: 785,950;983,789;974,682;900,683;868,814
n1b: 666,140;789,230;791,312;922,310;737,78
n2d: 638,313;791,310;787,232;712,174;639,247
n2c: 546,317;639,313;639,246;711,175;665,141;547,246
n2a: 547,246;666,141;612,98;604,27;461,25;436,163
n1a: 613,100;665,141;737,80;694,26;604,27
nw1a: 293,60;443,123;461,25;330,25
nw1b: 203,161;319,234;424,231;441,123;294,62
nw3a: 284,401;397,424;425,230;318,234
nw2b: 132,372;282,401;304,317
nw2a: 31,350;133,372;302,317;317,234;201,159
n2b: 411,320;547,316;546,247;434,162
se1c: 665,802;754,972;780,950;751,799;822,688;669,686
se2a: 781,950;862,818;903,683;821,689;752,800
se1d: 781,948;986,792;976,681;903,685
se1b: 900,682;974,683;946,337;874,415
se1a: 670,685;902,681;873,417;668,640
gotland_south_to_stockholm (56.91367, 18.12100 - 59.32914, 18.05508): 775,933;744,398
gotland osv: 775,933;745,391
