sw3c: 263,878;295,971;350,796;255,796;283,845
s2: 290,797;350,798;386,673;316,672;281,684;259,728
sw3a: 253,796;292,797;258,734;280,682;316,672;204,663
sw1b: 201,662;322,669;230,526;146,521
sw1a: 147,524;230,525;176,395;100,390
sw2a: 229,526;311,530;272,402;177,395
sw2b: 310,527;428,532;462,412;271,400
sw2c: 320,668;387,674;429,531;227,524
se5a: 294,971;487,971;547,921;479,906;317,904
se4c: 315,904;482,906;481,825;359,768
se5b: 481,907;545,922;623,864;528,759;501,775;479,826
se4b: 360,769;479,826;501,775;372,719
se4a: 372,720;501,776;531,758;485,680;388,672
se5c: 529,759;621,865;749,771;717,734;564,735
se3a: 529,759;563,736;612,734;612,685;486,681
se3b: 611,734;718,734;676,687;612,685
se1b: 677,688;747,770;777,747;819,619;699,607
se1c: 777,750;963,612;872,445
se1a: 697,608;818,619;873,448;737,436
se2d: 543,684;677,686;699,604;637,550;571,545
se2c: 388,673;544,685;572,545;533,544;442,480
se2a: 440,482;531,544;570,545;637,549;670,435;461,413
se2b: 636,548;698,604;737,439;669,435
n1b: 98,390;178,396;141,298;71,322
n2c: 176,395;241,399;205,283;143,299
n4c: 240,398;461,410;470,353;485,301;229,362
n4d: 459,411;486,417;523,341;536,289;567,268;578,242;566,185;521,229;484,303
n4b: 229,363;484,301;523,228;431,217;371,270;217,320
n3b: 216,320;370,270;431,218;234,193;207,282
n3a: 233,194;431,216;482,167;461,81;348,59
n4a: 429,216;522,230;567,188;586,99;461,81;481,166
n1a: 70,323;143,298;83,127;22,207
n2b: 83,131;143,299;206,282;232,195;265,158;139,157;144,120;127,115
n2a: 181,31;195,50;191,71;201,108;168,150;264,158;348,59
ystad_to_stockholm (55.42763, 12.99038 - 59.32,18.05) : 316,905;969,58
