sw2c: 42,979;156,977;157,881;41,882
sw2b: 42,884;158,881;155,780;40,781
sw2a: 39,780;155,781;155,698;40,659
sw1c: 155,979;259,975;259,878;157,882
sw1b: 158,880;262,879;260,782;155,781
sw1a: 154,782;259,782;259,736;153,699
se2b: 262,976;338,979;351,870;265,873
se2a: 262,873;352,871;365,767;258,733
se1b: 335,979;431,978;452,873;350,872
se1a: 350,872;453,873;466,799;361,765
m1b: 362,765;465,801;585,690;469,648
m1a: 469,646;585,693;679,606;598,569
m2c: 259,733;361,769;434,690;338,653
m2b: 337,652;430,689;470,647;505,626;408,587
m2a: 408,586;504,626;599,570;479,514
m3c: 39,662;259,734;337,654;125,578
m3b: 124,579;337,654;409,588;203,498
m3a: 202,500;409,588;478,517;281,421
n3d: 280,420;479,517;558,372;423,316
n2c: 480,516;602,569;704,455;653,415;556,376
n1c: 601,570;680,607;765,536;770,482;704,453
n1b: 653,415;702,455;771,482;790,341;705,300
n1a: 706,301;788,342;935,274;918,237;784,255
n2b: 556,376;654,414;703,301;648,273;569,343
n3c: 422,315;556,373;567,344;648,272;549,227
n3b: 549,227;648,273;766,200;726,95
n2a: 649,274;705,301;785,255;920,238;891,173;767,198
n3a: 766,199;890,174;826,20;728,96
storsjo_southern_to_haparanda (62.82143, 14.44058 - 65.83553, 24.14150): 35,726;904,233
